100
41 8466 6334 6498
19169 5723 1477 9356
26962 4462 5705 8143
100000000 6826 9961 491
2995 1941 4827 5436
32391 4603 3902 153
292 2381 7420 8715
100000000 9894 5447 1724
14771 1537 1869 9911
25667 6297 7034 9894
28703 3809 1319 330
100000000 4664 5140 7711
28253 6868 5545 7642
32662 2754 35 2858
8723 9741 7527 778
100000000 3035 2188 1842
288 103 9040 8942
19264 2646 7444 3803
15890 6729 4368 5349
100000000 1098 4391 3548
19629 2622 4082 9953
18756 1839 4966 7376
13931 6306 6943 2436
100000000 1322 5537 1536
16118 2082 2927 6540
4833 1112 4639 9656
22704 9930 3976 2306
100000000 2384 5021 8743
26924 9071 6270 5829
26777 5572 5097 6511
23986 3289 9161 8635
100000000 4765 3653 5573
4031 2051 7348 1150
16941 1722 3965 3430
31107 188 8006 1336
100000000 2286 7751 382
14945 8909 2206 9758
24221 8587 6422 4944
27506 3029 6412 9166
100000000 2588 8761 1655
17410 6359 7622 535
21548 6483 7593 4041
3602 4348 290 833
100000000 1019 4596 4019
27348 3197 9667 4482
8281 4734 53 1999
26418 7936 6900 3788
100000000 467 3728 4892
24648 2481 7806 2421
14310 6617 2811 9514
14309 7616 8934 7450
100000000 5249 6518 1553
22798 300 6224 1007
5844 2606 4988 2699
3195 483 3093 4342
100000000 1587 9312 9503
7448 5198 3457 6618
20580 9795 4797 5280
19589 796 8007 7155
100000000 3620 8537 2291
6038 4177 8189 9655
7958 6191 9814 2886
19156 1510 6201 2634
100000000 53 326 2644
26362 4886 8874 8431
29869 140 3842 1416
21881 1995 321 8650
100000000 5699 3557 8474
27892 4387 5075 711
2600 2510 1001 6867
17861 4687 3400 9789
100000000 6422 5002 584
24182 284 7086 1423
28617 3755 9832 929
4169 2154 5719 7188
100000000 1326 2368 8690
21425 554 3434 6548
7441 9512 142 8059
21718 3753 6138 2422
100000000 5994 6686 2528
22549 7436 9865 2948
193 3193 3297 414
28286 6104 4486 6281
100000000 5732 8113 1700
31316 669 5786 2262
4313 4353 1182 51
912 807 1832 943
100000000 7754 8319 9557
23646 7980 481 4144
23196 220 7129 2161
5535 448 1172 465
100000000 1657 6290 6437
17253 22 6152 9508
0 647 3185 8313
4474 8020 2168 4017
100000000 9905 7957 7391
10202 3625 6475 4414
9314 5822 9332 5872
24372 157 1832 8068
100000000 8295 7518 8177
