495
42 468
1 170
79 359
65 706
82 828
92 996
28 437
5 903
93 383
17 719
48 727
39 870
68 300
95 704
23 334
65 142
54 869
45 663
38 860
42 530
17 36
43 289
41 943
49 447
91 730
7 51
94 549
24 85
57 841
77 932
45 440
24 538
19 83
42 834
40 659
31 978
74 387
46 925
71 830
74 98
87 291
37 356
56 575
53 351
42 725
31 108
8 338
88 754
46 910
59 222
23 947
31 414
1 592
56 411
25 538
84 596
3 351
37 375
22 97
100 669
82 735
100 419
1 789
68 729
49 484
22 311
14 515
17 936
1 250
57 799
9 25
10 990
96 486
44 524
15 504
1 459
81 797
82 590
10 158
23 539
39 180
58 959
16 889
12 203
56 73
47 363
76 434
43 845
82 999
22 52
58 477
76 90
1 511
70 862
2 790
3 24
83 286
27 618
33 933
55 722
77 330
93 426
35 550
13 146
19 754
24 280
88 530
38 867
94 196
17 287
89 283
35 115
17 672
64 314
54 86
9 833
14 757
59 647
82 145
23 130
36 451
45 67
93 440
25 155
46 650
14 475
19 69
6 959
3 626
15 315
35 875
60 834
88 298
78 774
64 669
86 103
14 628
100 528
44 925
62 73
4 433
94 726
93 143
87 65
88 361
75 271
36 834
61 897
86 551
95 696
20 126
95 659
72 467
94 852
19 465
53 801
61 927
58 171
77 228
59 165
83 87
88 578
26 628
29 424
3 963
97 738
96 526
61 203
31 327
72 412
54 521
25 189
41 852
30 901
59 579
8 478
59 440
61 358
78 109
88 802
61 429
85 406
12 705
57 73
24 486
17 627
27 358
72 870
23 97
13 718
42 86
30 230
60 933
54 56
85 735
73 458
33 964
84 912
68 849
39 224
55 512
76 460
22 871
35 206
51 399
2 194
38 535
94 177
63 549
1 414
56 856
63 612
25 679
44 297
41 314
73 819
18 933
96 170
41 489
91 498
91 146
15 652
45 259
60 193
65 182
30 776
93 998
57 562
68 542
41 814
2 78
84 214
25 602
60 671
28 85
87 499
88 848
4 222
7 364
72 490
65 543
14 592
19 233
6 976
4 423
48 585
72 865
76 546
47 679
63 520
90 945
41 246
19 871
24 133
53 88
64 902
24 528
16 70
29 544
89 944
10 464
82 589
9 61
59 955
47 691
44 431
49 68
36 84
39 86
30 225
24 360
67 945
19 727
26 356
50 497
16 965
76 914
97 949
27 607
30 405
27 813
94 566
37 142
95 257
37 839
16 56
31 842
12 638
91 651
35 894
17 453
63 234
4 635
57 149
18 214
29 201
19 859
56 362
4 677
10 903
90 949
54 675
3 924
70 879
9 620
4 946
5 393
14 699
23 939
11 462
9 962
94 516
38 870
1 972
18 216
16 331
13 289
55 86
85 775
16 952
16 680
74 99
78 133
90 114
42 791
29 64
79 201
86 975
34 868
96 169
77 630
99 310
81 87
50 668
80 865
6 827
17 727
88 682
41 687
63 722
10 416
74 125
46 763
32 807
19 603
8 482
37 631
10 85
91 294
53 55
9 249
13 132
40 959
5 996
70 480
24 919
60 499
97 463
23 59
38 93
48 459
8 99
93 601
100 353
83 541
76 763
37 398
98 829
17 231
26 659
21 941
48 163
76 793
55 399
15 947
70 639
76 516
76 616
35 571
65 558
62 525
70 331
51 334
11 738
38 279
37 715
92 950
6 338
38 624
71 609
82 86
74 653
77 827
73 250
75 820
12 942
20 566
86 217
16 610
67 894
10 301
74 590
73 969
32 269
11 423
80 911
83 392
65 875
3 256
75 973
23 548
90 606
95 951
55 482
73 440
13 763
9 416
24 760
5 487
59 946
67 701
93 788
57 975
22 284
32 377
49 724
19 777
12 183
91 926
87 678
44 535
69 69
97 784
28 427
98 613
28 409
9 186
38 444
1 851
12 651
93 455
82 466
14 794
73 973
2 443
78 771
65 382
24 238
1 80
28 43
59 83
88 671
52 259
61 784
43 611
29 435
19 504
66 939
58 751
99 459
64 757
79 490
66 76
87 834
31 49
93 434
67 736
100 838
83 329
70 245
9 253
33 536
65 498
16 50
90 101
49 524
75 634
1 855
98 920
79 932
41 488
26 484
93 194
12 561
41 498
30 541
92 393
50 579
72 278
94 621
27 277
83 579
19 490
50 925
9 81
